(kicad_pcb (version 20171130) (host pcbnew "(5.1.7)-1")

  (general
    (thickness 1.6)
    (drawings 18)
    (tracks 373)
    (zones 0)
    (modules 25)
    (nets 47)
  )

  (page A4)
  (layers
    (0 F.Cu signal)
    (31 B.Cu signal)
    (32 B.Adhes user)
    (33 F.Adhes user)
    (34 B.Paste user)
    (35 F.Paste user)
    (36 B.SilkS user)
    (37 F.SilkS user)
    (38 B.Mask user)
    (39 F.Mask user)
    (40 Dwgs.User user)
    (41 Cmts.User user)
    (42 Eco1.User user)
    (43 Eco2.User user)
    (44 Edge.Cuts user)
    (45 Margin user)
    (46 B.CrtYd user)
    (47 F.CrtYd user)
    (48 B.Fab user)
    (49 F.Fab user)
  )

  (setup
    (last_trace_width 0.1524)
    (trace_clearance 0.1524)
    (zone_clearance 0.508)
    (zone_45_only no)
    (trace_min 0.1524)
    (via_size 0.6858)
    (via_drill 0.3302)
    (via_min_size 0.508)
    (via_min_drill 0.254)
    (uvia_size 0.6858)
    (uvia_drill 0.3302)
    (uvias_allowed no)
    (uvia_min_size 0.2)
    (uvia_min_drill 0.1)
    (edge_width 0.05)
    (segment_width 0.2)
    (pcb_text_width 0.3)
    (pcb_text_size 1.5 1.5)
    (mod_edge_width 0.12)
    (mod_text_size 1 1)
    (mod_text_width 0.15)
    (pad_size 1.524 1.524)
    (pad_drill 0.762)
    (pad_to_mask_clearance 0.0508)
    (aux_axis_origin 0 0)
    (visible_elements 7FFFFFFF)
    (pcbplotparams
      (layerselection 0x010fc_ffffffff)
      (usegerberextensions false)
      (usegerberattributes true)
      (usegerberadvancedattributes true)
      (creategerberjobfile true)
      (excludeedgelayer true)
      (linewidth 0.100000)
      (plotframeref false)
      (viasonmask false)
      (mode 1)
      (useauxorigin false)
      (hpglpennumber 1)
      (hpglpenspeed 20)
      (hpglpendiameter 15.000000)
      (psnegative false)
      (psa4output false)
      (plotreference true)
      (plotvalue true)
      (plotinvisibletext false)
      (padsonsilk false)
      (subtractmaskfromsilk false)
      (outputformat 1)
      (mirror false)
      (drillshape 1)
      (scaleselection 1)
      (outputdirectory ""))
  )

  (net 0 "")
  (net 1 GND)
  (net 2 /VCC_PLL)
  (net 3 +3V3)
  (net 4 +2V5)
  (net 5 +5V)
  (net 6 +1V2)
  (net 7 /CDONE)
  (net 8 /LED_R)
  (net 9 /LED_G)
  (net 10 /LED_B)
  (net 11 /CRESET)
  (net 12 /SA3)
  (net 13 /SA2)
  (net 14 /SA1)
  (net 15 /SD6)
  (net 16 /SD7)
  (net 17 /SD9)
  (net 18 /SD10)
  (net 19 /SD14)
  (net 20 /SD15)
  (net 21 /SD16)
  (net 22 /SD2_MOSI)
  (net 23 /SD1_MISO)
  (net 24 /SD17)
  (net 25 /SD3_SCLK)
  (net 26 /SD0)
  (net 27 /SWE_SRW)
  (net 28 /SA5)
  (net 29 /SA4)
  (net 30 /SA0)
  (net 31 /SOE_SE)
  (net 32 /SD4)
  (net 33 /SD5)
  (net 34 /SD11)
  (net 35 /SD8)
  (net 36 /SD12)
  (net 37 /SD13)
  (net 38 /PMOD4)
  (net 39 /PMOD10)
  (net 40 /PMOD3)
  (net 41 /PMOD9)
  (net 42 /PMOD2)
  (net 43 /PMOD8)
  (net 44 /PMOD1)
  (net 45 /PMOD7)
  (net 46 /SPI_SS)

  (net_class Default "This is the default net class."
    (clearance 0.1524)
    (trace_width 0.1524)
    (via_dia 0.6858)
    (via_drill 0.3302)
    (uvia_dia 0.6858)
    (uvia_drill 0.3302)
  )

  (net_class LED ""
    (clearance 0.2032)
    (trace_width 0.2032)
    (via_dia 0.6858)
    (via_drill 0.3302)
    (uvia_dia 0.6858)
    (uvia_drill 0.3302)
    (add_net /LED_B)
    (add_net /LED_G)
    (add_net /LED_R)
  )

  (net_class Power ""
    (clearance 0.2032)
    (trace_width 0.2032)
    (via_dia 0.6858)
    (via_drill 0.3302)
    (uvia_dia 0.6858)
    (uvia_drill 0.3302)
    (add_net +1V2)
    (add_net +2V5)
    (add_net +3V3)
    (add_net +5V)
    (add_net /VCC_PLL)
    (add_net GND)
  )

  (net_class Signal ""
    (clearance 0.1524)
    (trace_width 0.1524)
    (via_dia 0.6858)
    (via_drill 0.3302)
    (uvia_dia 0.6858)
    (uvia_drill 0.3302)
    (add_net /CDONE)
    (add_net /CRESET)
    (add_net /PMOD1)
    (add_net /PMOD10)
    (add_net /PMOD2)
    (add_net /PMOD3)
    (add_net /PMOD4)
    (add_net /PMOD7)
    (add_net /PMOD8)
    (add_net /PMOD9)
    (add_net /SA0)
    (add_net /SA1)
    (add_net /SA2)
    (add_net /SA3)
    (add_net /SA4)
    (add_net /SA5)
    (add_net /SD0)
    (add_net /SD10)
    (add_net /SD11)
    (add_net /SD12)
    (add_net /SD13)
    (add_net /SD14)
    (add_net /SD15)
    (add_net /SD16)
    (add_net /SD17)
    (add_net /SD1_MISO)
    (add_net /SD2_MOSI)
    (add_net /SD3_SCLK)
    (add_net /SD4)
    (add_net /SD5)
    (add_net /SD6)
    (add_net /SD7)
    (add_net /SD8)
    (add_net /SD9)
    (add_net /SOE_SE)
    (add_net /SPI_SS)
    (add_net /SWE_SRW)
  )

  (module Package_DFN_QFN:QFN-48-1EP_7x7mm_P0.5mm_EP5.45x5.45mm (layer F.Cu) (tedit 5DC5F6A5) (tstamp 5F92FBA5)
    (at 76.835 81.814051 315)
    (descr "QFN, 48 Pin (http://www.thatcorp.com/datashts/THAT_626x_Datasheet.pdf), generated with kicad-footprint-generator ipc_noLead_generator.py")
    (tags "QFN NoLead")
    (path /5F8F266F)
    (attr smd)
    (fp_text reference U1 (at 0 -4.82 135) (layer B.SilkS)
      (effects (font (size 1 1) (thickness 0.15)) (justify mirror))
    )
    (fp_text value ICE40UP5K-SG48ITR (at 0 4.82 135) (layer F.Fab)
      (effects (font (size 1 1) (thickness 0.15)))
    )
    (fp_line (start 3.135 -3.61) (end 3.61 -3.61) (layer F.SilkS) (width 0.12))
    (fp_line (start 3.61 -3.61) (end 3.61 -3.135) (layer F.SilkS) (width 0.12))
    (fp_line (start -3.135 3.61) (end -3.61 3.61) (layer F.SilkS) (width 0.12))
    (fp_line (start -3.61 3.61) (end -3.61 3.135) (layer F.SilkS) (width 0.12))
    (fp_line (start 3.135 3.61) (end 3.61 3.61) (layer F.SilkS) (width 0.12))
    (fp_line (start 3.61 3.61) (end 3.61 3.135) (layer F.SilkS) (width 0.12))
    (fp_line (start -3.135 -3.61) (end -3.61 -3.61) (layer F.SilkS) (width 0.12))
    (fp_line (start -2.5 -3.5) (end 3.5 -3.5) (layer F.Fab) (width 0.1))
    (fp_line (start 3.5 -3.5) (end 3.5 3.5) (layer F.Fab) (width 0.1))
    (fp_line (start 3.5 3.5) (end -3.5 3.5) (layer F.Fab) (width 0.1))
    (fp_line (start -3.5 3.5) (end -3.5 -2.5) (layer F.Fab) (width 0.1))
    (fp_line (start -3.5 -2.5) (end -2.5 -3.5) (layer F.Fab) (width 0.1))
    (fp_line (start -4.12 -4.12) (end -4.12 4.12) (layer F.CrtYd) (width 0.05))
    (fp_line (start -4.12 4.12) (end 4.12 4.12) (layer F.CrtYd) (width 0.05))
    (fp_line (start 4.12 4.12) (end 4.12 -4.12) (layer F.CrtYd) (width 0.05))
    (fp_line (start 4.12 -4.12) (end -4.12 -4.12) (layer F.CrtYd) (width 0.05))
    (fp_text user %R (at 0 0 135) (layer F.Fab)
      (effects (font (size 1 1) (thickness 0.15)))
    )
    (pad 1 smd roundrect (at -3.45 -2.75 315) (size 0.85 0.25) (layers F.Cu F.Paste F.Mask) (roundrect_rratio 0.25)
      (net 3 +3V3))
    (pad 2 smd roundrect (at -3.45 -2.25 315) (size 0.85 0.25) (layers F.Cu F.Paste F.Mask) (roundrect_rratio 0.25)
      (net 31 /SOE_SE))
    (pad 3 smd roundrect (at -3.45 -1.75 315) (size 0.85 0.25) (layers F.Cu F.Paste F.Mask) (roundrect_rratio 0.25)
      (net 32 /SD4))
    (pad 4 smd roundrect (at -3.45 -1.25 315) (size 0.85 0.25) (layers F.Cu F.Paste F.Mask) (roundrect_rratio 0.25)
      (net 30 /SA0))
    (pad 5 smd roundrect (at -3.45 -0.75 315) (size 0.85 0.25) (layers F.Cu F.Paste F.Mask) (roundrect_rratio 0.25)
      (net 6 +1V2))
    (pad 6 smd roundrect (at -3.45 -0.25 315) (size 0.85 0.25) (layers F.Cu F.Paste F.Mask) (roundrect_rratio 0.25)
      (net 28 /SA5))
    (pad 7 smd roundrect (at -3.45 0.25 315) (size 0.85 0.25) (layers F.Cu F.Paste F.Mask) (roundrect_rratio 0.25)
      (net 7 /CDONE))
    (pad 8 smd roundrect (at -3.45 0.75 315) (size 0.85 0.25) (layers F.Cu F.Paste F.Mask) (roundrect_rratio 0.25)
      (net 11 /CRESET))
    (pad 9 smd roundrect (at -3.45 1.25 315) (size 0.85 0.25) (layers F.Cu F.Paste F.Mask) (roundrect_rratio 0.25)
      (net 29 /SA4))
    (pad 10 smd roundrect (at -3.45 1.75 315) (size 0.85 0.25) (layers F.Cu F.Paste F.Mask) (roundrect_rratio 0.25)
      (net 27 /SWE_SRW))
    (pad 11 smd roundrect (at -3.45 2.25 315) (size 0.85 0.25) (layers F.Cu F.Paste F.Mask) (roundrect_rratio 0.25)
      (net 26 /SD0))
    (pad 12 smd roundrect (at -3.45 2.75 315) (size 0.85 0.25) (layers F.Cu F.Paste F.Mask) (roundrect_rratio 0.25)
      (net 24 /SD17))
    (pad 13 smd roundrect (at -2.75 3.45 315) (size 0.25 0.85) (layers F.Cu F.Paste F.Mask) (roundrect_rratio 0.25)
      (net 21 /SD16))
    (pad 14 smd roundrect (at -2.25 3.45 315) (size 0.25 0.85) (layers F.Cu F.Paste F.Mask) (roundrect_rratio 0.25)
      (net 23 /SD1_MISO))
    (pad 15 smd roundrect (at -1.75 3.45 315) (size 0.25 0.85) (layers F.Cu F.Paste F.Mask) (roundrect_rratio 0.25)
      (net 25 /SD3_SCLK))
    (pad 16 smd roundrect (at -1.25 3.45 315) (size 0.25 0.85) (layers F.Cu F.Paste F.Mask) (roundrect_rratio 0.25)
      (net 46 /SPI_SS))
    (pad 17 smd roundrect (at -0.75 3.45 315) (size 0.25 0.85) (layers F.Cu F.Paste F.Mask) (roundrect_rratio 0.25)
      (net 22 /SD2_MOSI))
    (pad 18 smd roundrect (at -0.25 3.45 315) (size 0.25 0.85) (layers F.Cu F.Paste F.Mask) (roundrect_rratio 0.25)
      (net 20 /SD15))
    (pad 19 smd roundrect (at 0.25 3.45 315) (size 0.25 0.85) (layers F.Cu F.Paste F.Mask) (roundrect_rratio 0.25)
      (net 19 /SD14))
    (pad 20 smd roundrect (at 0.75 3.45 315) (size 0.25 0.85) (layers F.Cu F.Paste F.Mask) (roundrect_rratio 0.25)
      (net 18 /SD10))
    (pad 21 smd roundrect (at 1.25 3.45 315) (size 0.25 0.85) (layers F.Cu F.Paste F.Mask) (roundrect_rratio 0.25)
      (net 17 /SD9))
    (pad 22 smd roundrect (at 1.75 3.45 315) (size 0.25 0.85) (layers F.Cu F.Paste F.Mask) (roundrect_rratio 0.25)
      (net 3 +3V3))
    (pad 23 smd roundrect (at 2.25 3.45 315) (size 0.25 0.85) (layers F.Cu F.Paste F.Mask) (roundrect_rratio 0.25)
      (net 16 /SD7))
    (pad 24 smd roundrect (at 2.75 3.45 315) (size 0.25 0.85) (layers F.Cu F.Paste F.Mask) (roundrect_rratio 0.25)
      (net 4 +2V5))
    (pad 25 smd roundrect (at 3.45 2.75 315) (size 0.85 0.25) (layers F.Cu F.Paste F.Mask) (roundrect_rratio 0.25)
      (net 15 /SD6))
    (pad 26 smd roundrect (at 3.45 2.25 315) (size 0.85 0.25) (layers F.Cu F.Paste F.Mask) (roundrect_rratio 0.25)
      (net 14 /SA1))
    (pad 27 smd roundrect (at 3.45 1.75 315) (size 0.85 0.25) (layers F.Cu F.Paste F.Mask) (roundrect_rratio 0.25)
      (net 13 /SA2))
    (pad 28 smd roundrect (at 3.45 1.25 315) (size 0.85 0.25) (layers F.Cu F.Paste F.Mask) (roundrect_rratio 0.25)
      (net 12 /SA3))
    (pad 29 smd roundrect (at 3.45 0.75 315) (size 0.85 0.25) (layers F.Cu F.Paste F.Mask) (roundrect_rratio 0.25)
      (net 2 /VCC_PLL))
    (pad 30 smd roundrect (at 3.45 0.25 315) (size 0.85 0.25) (layers F.Cu F.Paste F.Mask) (roundrect_rratio 0.25)
      (net 6 +1V2))
    (pad 31 smd roundrect (at 3.45 -0.25 315) (size 0.85 0.25) (layers F.Cu F.Paste F.Mask) (roundrect_rratio 0.25))
    (pad 32 smd roundrect (at 3.45 -0.75 315) (size 0.85 0.25) (layers F.Cu F.Paste F.Mask) (roundrect_rratio 0.25)
      (net 38 /PMOD4))
    (pad 33 smd roundrect (at 3.45 -1.25 315) (size 0.85 0.25) (layers F.Cu F.Paste F.Mask) (roundrect_rratio 0.25)
      (net 3 +3V3))
    (pad 34 smd roundrect (at 3.45 -1.75 315) (size 0.85 0.25) (layers F.Cu F.Paste F.Mask) (roundrect_rratio 0.25)
      (net 39 /PMOD10))
    (pad 35 smd roundrect (at 3.45 -2.25 315) (size 0.85 0.25) (layers F.Cu F.Paste F.Mask) (roundrect_rratio 0.25)
      (net 40 /PMOD3))
    (pad 36 smd roundrect (at 3.45 -2.75 315) (size 0.85 0.25) (layers F.Cu F.Paste F.Mask) (roundrect_rratio 0.25)
      (net 41 /PMOD9))
    (pad 37 smd roundrect (at 2.75 -3.45 315) (size 0.25 0.85) (layers F.Cu F.Paste F.Mask) (roundrect_rratio 0.25)
      (net 42 /PMOD2))
    (pad 38 smd roundrect (at 2.25 -3.45 315) (size 0.25 0.85) (layers F.Cu F.Paste F.Mask) (roundrect_rratio 0.25)
      (net 43 /PMOD8))
    (pad 39 smd roundrect (at 1.75 -3.45 315) (size 0.25 0.85) (layers F.Cu F.Paste F.Mask) (roundrect_rratio 0.25)
      (net 8 /LED_R))
    (pad 40 smd roundrect (at 1.25 -3.45 315) (size 0.25 0.85) (layers F.Cu F.Paste F.Mask) (roundrect_rratio 0.25)
      (net 9 /LED_G))
    (pad 41 smd roundrect (at 0.75 -3.45 315) (size 0.25 0.85) (layers F.Cu F.Paste F.Mask) (roundrect_rratio 0.25)
      (net 10 /LED_B))
    (pad 42 smd roundrect (at 0.25 -3.45 315) (size 0.25 0.85) (layers F.Cu F.Paste F.Mask) (roundrect_rratio 0.25)
      (net 44 /PMOD1))
    (pad 43 smd roundrect (at -0.25 -3.45 315) (size 0.25 0.85) (layers F.Cu F.Paste F.Mask) (roundrect_rratio 0.25)
      (net 45 /PMOD7))
    (pad 44 smd roundrect (at -0.75 -3.45 315) (size 0.25 0.85) (layers F.Cu F.Paste F.Mask) (roundrect_rratio 0.25)
      (net 37 /SD13))
    (pad 45 smd roundrect (at -1.25 -3.45 315) (size 0.25 0.85) (layers F.Cu F.Paste F.Mask) (roundrect_rratio 0.25)
      (net 36 /SD12))
    (pad 46 smd roundrect (at -1.75 -3.45 315) (size 0.25 0.85) (layers F.Cu F.Paste F.Mask) (roundrect_rratio 0.25)
      (net 34 /SD11))
    (pad 47 smd roundrect (at -2.25 -3.45 315) (size 0.25 0.85) (layers F.Cu F.Paste F.Mask) (roundrect_rratio 0.25)
      (net 35 /SD8))
    (pad 48 smd roundrect (at -2.75 -3.45 315) (size 0.25 0.85) (layers F.Cu F.Paste F.Mask) (roundrect_rratio 0.25)
      (net 33 /SD5))
    (pad 49 smd rect (at 0 0 315) (size 5.45 5.45) (layers F.Cu F.Mask)
      (net 1 GND))
    (pad "" smd roundrect (at -2.04 -2.04 315) (size 1.1 1.1) (layers F.Paste) (roundrect_rratio 0.227273))
    (pad "" smd roundrect (at -2.04 -0.68 315) (size 1.1 1.1) (layers F.Paste) (roundrect_rratio 0.227273))
    (pad "" smd roundrect (at -2.04 0.68 315) (size 1.1 1.1) (layers F.Paste) (roundrect_rratio 0.227273))
    (pad "" smd roundrect (at -2.04 2.04 315) (size 1.1 1.1) (layers F.Paste) (roundrect_rratio 0.227273))
    (pad "" smd roundrect (at -0.68 -2.04 315) (size 1.1 1.1) (layers F.Paste) (roundrect_rratio 0.227273))
    (pad "" smd roundrect (at -0.68 -0.68 315) (size 1.1 1.1) (layers F.Paste) (roundrect_rratio 0.227273))
    (pad "" smd roundrect (at -0.68 0.68 315) (size 1.1 1.1) (layers F.Paste) (roundrect_rratio 0.227273))
    (pad "" smd roundrect (at -0.68 2.04 315) (size 1.1 1.1) (layers F.Paste) (roundrect_rratio 0.227273))
    (pad "" smd roundrect (at 0.68 -2.04 315) (size 1.1 1.1) (layers F.Paste) (roundrect_rratio 0.227273))
    (pad "" smd roundrect (at 0.68 -0.68 315) (size 1.1 1.1) (layers F.Paste) (roundrect_rratio 0.227273))
    (pad "" smd roundrect (at 0.68 0.68 315) (size 1.1 1.1) (layers F.Paste) (roundrect_rratio 0.227273))
    (pad "" smd roundrect (at 0.68 2.04 315) (size 1.1 1.1) (layers F.Paste) (roundrect_rratio 0.227273))
    (pad "" smd roundrect (at 2.04 -2.04 315) (size 1.1 1.1) (layers F.Paste) (roundrect_rratio 0.227273))
    (pad "" smd roundrect (at 2.04 -0.68 315) (size 1.1 1.1) (layers F.Paste) (roundrect_rratio 0.227273))
    (pad "" smd roundrect (at 2.04 0.68 315) (size 1.1 1.1) (layers F.Paste) (roundrect_rratio 0.227273))
    (pad "" smd roundrect (at 2.04 2.04 315) (size 1.1 1.1) (layers F.Paste) (roundrect_rratio 0.227273))
    (model ${KISYS3DMOD}/Package_DFN_QFN.3dshapes/QFN-48-1EP_7x7mm_P0.5mm_EP5.45x5.45mm.wrl
      (at (xyz 0 0 0))
      (scale (xyz 1 1 1))
      (rotate (xyz 0 0 0))
    )
  )

  (module Capacitor_SMD:C_0603_1608Metric_Pad1.08x0.95mm_HandSolder (layer B.Cu) (tedit 5F68FEEF) (tstamp 5F9094DE)
    (at 72.263 87.503 90)
    (descr "Capacitor SMD 0603 (1608 Metric), square (rectangular) end terminal, IPC_7351 nominal with elongated pad for handsoldering. (Body size source: IPC-SM-782 page 76, https://www.pcb-3d.com/wordpress/wp-content/uploads/ipc-sm-782a_amendment_1_and_2.pdf), generated with kicad-footprint-generator")
    (tags "capacitor handsolder")
    (path /5FBA55B1)
    (attr smd)
    (fp_text reference R4 (at 0 1.43 270) (layer B.SilkS)
      (effects (font (size 1 1) (thickness 0.15)) (justify mirror))
    )
    (fp_text value 10K (at 0 -1.43 270) (layer B.Fab)
      (effects (font (size 1 1) (thickness 0.15)) (justify mirror))
    )
    (fp_line (start 1.65 -0.73) (end -1.65 -0.73) (layer B.CrtYd) (width 0.05))
    (fp_line (start 1.65 0.73) (end 1.65 -0.73) (layer B.CrtYd) (width 0.05))
    (fp_line (start -1.65 0.73) (end 1.65 0.73) (layer B.CrtYd) (width 0.05))
    (fp_line (start -1.65 -0.73) (end -1.65 0.73) (layer B.CrtYd) (width 0.05))
    (fp_line (start -0.146267 -0.51) (end 0.146267 -0.51) (layer B.SilkS) (width 0.12))
    (fp_line (start -0.146267 0.51) (end 0.146267 0.51) (layer B.SilkS) (width 0.12))
    (fp_line (start 0.8 -0.4) (end -0.8 -0.4) (layer B.Fab) (width 0.1))
    (fp_line (start 0.8 0.4) (end 0.8 -0.4) (layer B.Fab) (width 0.1))
    (fp_line (start -0.8 0.4) (end 0.8 0.4) (layer B.Fab) (width 0.1))
    (fp_line (start -0.8 -0.4) (end -0.8 0.4) (layer B.Fab) (width 0.1))
    (fp_text user %R (at 0 0 270) (layer B.Fab)
      (effects (font (size 0.4 0.4) (thickness 0.06)) (justify mirror))
    )
    (pad 2 smd roundrect (at 0.8625 0 90) (size 1.075 0.95) (layers B.Cu B.Paste B.Mask) (roundrect_rratio 0.25)
      (net 46 /SPI_SS))
    (pad 1 smd roundrect (at -0.8625 0 90) (size 1.075 0.95) (layers B.Cu B.Paste B.Mask) (roundrect_rratio 0.25)
      (net 1 GND))
    (model ${KISYS3DMOD}/Capacitor_SMD.3dshapes/C_0603_1608Metric.wrl
      (at (xyz 0 0 0))
      (scale (xyz 1 1 1))
      (rotate (xyz 0 0 0))
    )
  )

  (module Capacitor_SMD:C_0603_1608Metric_Pad1.08x0.95mm_HandSolder (layer B.Cu) (tedit 5F68FEEF) (tstamp 5F8F9C25)
    (at 86.233 96.9645 180)
    (descr "Capacitor SMD 0603 (1608 Metric), square (rectangular) end terminal, IPC_7351 nominal with elongated pad for handsoldering. (Body size source: IPC-SM-782 page 76, https://www.pcb-3d.com/wordpress/wp-content/uploads/ipc-sm-782a_amendment_1_and_2.pdf), generated with kicad-footprint-generator")
    (tags "capacitor handsolder")
    (path /5F90BCA9)
    (attr smd)
    (fp_text reference C1 (at 0 -1.5875) (layer B.SilkS)
      (effects (font (size 1 1) (thickness 0.15)) (justify mirror))
    )
    (fp_text value 0.1u (at 0 -1.43) (layer B.Fab)
      (effects (font (size 1 1) (thickness 0.15)) (justify mirror))
    )
    (fp_line (start 1.65 -0.73) (end -1.65 -0.73) (layer B.CrtYd) (width 0.05))
    (fp_line (start 1.65 0.73) (end 1.65 -0.73) (layer B.CrtYd) (width 0.05))
    (fp_line (start -1.65 0.73) (end 1.65 0.73) (layer B.CrtYd) (width 0.05))
    (fp_line (start -1.65 -0.73) (end -1.65 0.73) (layer B.CrtYd) (width 0.05))
    (fp_line (start -0.146267 -0.51) (end 0.146267 -0.51) (layer B.SilkS) (width 0.12))
    (fp_line (start -0.146267 0.51) (end 0.146267 0.51) (layer B.SilkS) (width 0.12))
    (fp_line (start 0.8 -0.4) (end -0.8 -0.4) (layer B.Fab) (width 0.1))
    (fp_line (start 0.8 0.4) (end 0.8 -0.4) (layer B.Fab) (width 0.1))
    (fp_line (start -0.8 0.4) (end 0.8 0.4) (layer B.Fab) (width 0.1))
    (fp_line (start -0.8 -0.4) (end -0.8 0.4) (layer B.Fab) (width 0.1))
    (fp_text user %R (at 0 0) (layer B.Fab)
      (effects (font (size 0.4 0.4) (thickness 0.06)) (justify mirror))
    )
    (pad 2 smd roundrect (at 0.8625 0 180) (size 1.075 0.95) (layers B.Cu B.Paste B.Mask) (roundrect_rratio 0.25)
      (net 1 GND))
    (pad 1 smd roundrect (at -0.8625 0 180) (size 1.075 0.95) (layers B.Cu B.Paste B.Mask) (roundrect_rratio 0.25)
      (net 2 /VCC_PLL))
    (model ${KISYS3DMOD}/Capacitor_SMD.3dshapes/C_0603_1608Metric.wrl
      (at (xyz 0 0 0))
      (scale (xyz 1 1 1))
      (rotate (xyz 0 0 0))
    )
  )

  (module Capacitor_SMD:C_0603_1608Metric_Pad1.08x0.95mm_HandSolder (layer B.Cu) (tedit 5F68FEEF) (tstamp 5F8F9C36)
    (at 75.946 93.9165 180)
    (descr "Capacitor SMD 0603 (1608 Metric), square (rectangular) end terminal, IPC_7351 nominal with elongated pad for handsoldering. (Body size source: IPC-SM-782 page 76, https://www.pcb-3d.com/wordpress/wp-content/uploads/ipc-sm-782a_amendment_1_and_2.pdf), generated with kicad-footprint-generator")
    (tags "capacitor handsolder")
    (path /5F922AE2)
    (attr smd)
    (fp_text reference C2 (at 0 -1.5875) (layer B.SilkS)
      (effects (font (size 1 1) (thickness 0.15)) (justify mirror))
    )
    (fp_text value 0.1u (at 0 -1.43) (layer B.Fab)
      (effects (font (size 1 1) (thickness 0.15)) (justify mirror))
    )
    (fp_line (start 1.65 -0.73) (end -1.65 -0.73) (layer B.CrtYd) (width 0.05))
    (fp_line (start 1.65 0.73) (end 1.65 -0.73) (layer B.CrtYd) (width 0.05))
    (fp_line (start -1.65 0.73) (end 1.65 0.73) (layer B.CrtYd) (width 0.05))
    (fp_line (start -1.65 -0.73) (end -1.65 0.73) (layer B.CrtYd) (width 0.05))
    (fp_line (start -0.146267 -0.51) (end 0.146267 -0.51) (layer B.SilkS) (width 0.12))
    (fp_line (start -0.146267 0.51) (end 0.146267 0.51) (layer B.SilkS) (width 0.12))
    (fp_line (start 0.8 -0.4) (end -0.8 -0.4) (layer B.Fab) (width 0.1))
    (fp_line (start 0.8 0.4) (end 0.8 -0.4) (layer B.Fab) (width 0.1))
    (fp_line (start -0.8 0.4) (end 0.8 0.4) (layer B.Fab) (width 0.1))
    (fp_line (start -0.8 -0.4) (end -0.8 0.4) (layer B.Fab) (width 0.1))
    (fp_text user %R (at 0 0) (layer B.Fab)
      (effects (font (size 0.4 0.4) (thickness 0.06)) (justify mirror))
    )
    (pad 2 smd roundrect (at 0.8625 0 180) (size 1.075 0.95) (layers B.Cu B.Paste B.Mask) (roundrect_rratio 0.25)
      (net 1 GND))
    (pad 1 smd roundrect (at -0.8625 0 180) (size 1.075 0.95) (layers B.Cu B.Paste B.Mask) (roundrect_rratio 0.25)
      (net 3 +3V3))
    (model ${KISYS3DMOD}/Capacitor_SMD.3dshapes/C_0603_1608Metric.wrl
      (at (xyz 0 0 0))
      (scale (xyz 1 1 1))
      (rotate (xyz 0 0 0))
    )
  )

  (module Capacitor_SMD:C_0603_1608Metric_Pad1.08x0.95mm_HandSolder (layer B.Cu) (tedit 5F68FEEF) (tstamp 5F8F9C47)
    (at 86.233 95.1865 180)
    (descr "Capacitor SMD 0603 (1608 Metric), square (rectangular) end terminal, IPC_7351 nominal with elongated pad for handsoldering. (Body size source: IPC-SM-782 page 76, https://www.pcb-3d.com/wordpress/wp-content/uploads/ipc-sm-782a_amendment_1_and_2.pdf), generated with kicad-footprint-generator")
    (tags "capacitor handsolder")
    (path /5F90C597)
    (attr smd)
    (fp_text reference C3 (at 2.921 0.0635) (layer B.SilkS)
      (effects (font (size 1 1) (thickness 0.15)) (justify mirror))
    )
    (fp_text value 4.7u (at 0 -1.43) (layer B.Fab)
      (effects (font (size 1 1) (thickness 0.15)) (justify mirror))
    )
    (fp_line (start -0.8 -0.4) (end -0.8 0.4) (layer B.Fab) (width 0.1))
    (fp_line (start -0.8 0.4) (end 0.8 0.4) (layer B.Fab) (width 0.1))
    (fp_line (start 0.8 0.4) (end 0.8 -0.4) (layer B.Fab) (width 0.1))
    (fp_line (start 0.8 -0.4) (end -0.8 -0.4) (layer B.Fab) (width 0.1))
    (fp_line (start -0.146267 0.51) (end 0.146267 0.51) (layer B.SilkS) (width 0.12))
    (fp_line (start -0.146267 -0.51) (end 0.146267 -0.51) (layer B.SilkS) (width 0.12))
    (fp_line (start -1.65 -0.73) (end -1.65 0.73) (layer B.CrtYd) (width 0.05))
    (fp_line (start -1.65 0.73) (end 1.65 0.73) (layer B.CrtYd) (width 0.05))
    (fp_line (start 1.65 0.73) (end 1.65 -0.73) (layer B.CrtYd) (width 0.05))
    (fp_line (start 1.65 -0.73) (end -1.65 -0.73) (layer B.CrtYd) (width 0.05))
    (fp_text user %R (at 0 0) (layer B.Fab)
      (effects (font (size 0.4 0.4) (thickness 0.06)) (justify mirror))
    )
    (pad 1 smd roundrect (at -0.8625 0 180) (size 1.075 0.95) (layers B.Cu B.Paste B.Mask) (roundrect_rratio 0.25)
      (net 2 /VCC_PLL))
    (pad 2 smd roundrect (at 0.8625 0 180) (size 1.075 0.95) (layers B.Cu B.Paste B.Mask) (roundrect_rratio 0.25)
      (net 1 GND))
    (model ${KISYS3DMOD}/Capacitor_SMD.3dshapes/C_0603_1608Metric.wrl
      (at (xyz 0 0 0))
      (scale (xyz 1 1 1))
      (rotate (xyz 0 0 0))
    )
  )

  (module Capacitor_SMD:C_0603_1608Metric_Pad1.08x0.95mm_HandSolder (layer B.Cu) (tedit 5F68FEEF) (tstamp 5F8F9C58)
    (at 75.946 90.1065)
    (descr "Capacitor SMD 0603 (1608 Metric), square (rectangular) end terminal, IPC_7351 nominal with elongated pad for handsoldering. (Body size source: IPC-SM-782 page 76, https://www.pcb-3d.com/wordpress/wp-content/uploads/ipc-sm-782a_amendment_1_and_2.pdf), generated with kicad-footprint-generator")
    (tags "capacitor handsolder")
    (path /5F922E7E)
    (attr smd)
    (fp_text reference C4 (at 0 -1.4605) (layer B.SilkS)
      (effects (font (size 1 1) (thickness 0.15)) (justify mirror))
    )
    (fp_text value 4.7u (at 0 -1.43) (layer B.Fab)
      (effects (font (size 1 1) (thickness 0.15)) (justify mirror))
    )
    (fp_line (start -0.8 -0.4) (end -0.8 0.4) (layer B.Fab) (width 0.1))
    (fp_line (start -0.8 0.4) (end 0.8 0.4) (layer B.Fab) (width 0.1))
    (fp_line (start 0.8 0.4) (end 0.8 -0.4) (layer B.Fab) (width 0.1))
    (fp_line (start 0.8 -0.4) (end -0.8 -0.4) (layer B.Fab) (width 0.1))
    (fp_line (start -0.146267 0.51) (end 0.146267 0.51) (layer B.SilkS) (width 0.12))
    (fp_line (start -0.146267 -0.51) (end 0.146267 -0.51) (layer B.SilkS) (width 0.12))
    (fp_line (start -1.65 -0.73) (end -1.65 0.73) (layer B.CrtYd) (width 0.05))
    (fp_line (start -1.65 0.73) (end 1.65 0.73) (layer B.CrtYd) (width 0.05))
    (fp_line (start 1.65 0.73) (end 1.65 -0.73) (layer B.CrtYd) (width 0.05))
    (fp_line (start 1.65 -0.73) (end -1.65 -0.73) (layer B.CrtYd) (width 0.05))
    (fp_text user %R (at 0 0) (layer B.Fab)
      (effects (font (size 0.4 0.4) (thickness 0.06)) (justify mirror))
    )
    (pad 1 smd roundrect (at -0.8625 0) (size 1.075 0.95) (layers B.Cu B.Paste B.Mask) (roundrect_rratio 0.25)
      (net 4 +2V5))
    (pad 2 smd roundrect (at 0.8625 0) (size 1.075 0.95) (layers B.Cu B.Paste B.Mask) (roundrect_rratio 0.25)
      (net 1 GND))
    (model ${KISYS3DMOD}/Capacitor_SMD.3dshapes/C_0603_1608Metric.wrl
      (at (xyz 0 0 0))
      (scale (xyz 1 1 1))
      (rotate (xyz 0 0 0))
    )
  )

  (module Capacitor_SMD:C_0603_1608Metric_Pad1.08x0.95mm_HandSolder (layer F.Cu) (tedit 5F68FEEF) (tstamp 5F9469E0)
    (at 80.6958 105.4354)
    (descr "Capacitor SMD 0603 (1608 Metric), square (rectangular) end terminal, IPC_7351 nominal with elongated pad for handsoldering. (Body size source: IPC-SM-782 page 76, https://www.pcb-3d.com/wordpress/wp-content/uploads/ipc-sm-782a_amendment_1_and_2.pdf), generated with kicad-footprint-generator")
    (tags "capacitor handsolder")
    (path /5F939E22)
    (attr smd)
    (fp_text reference C5 (at 2.8702 -0.1524) (layer F.SilkS)
      (effects (font (size 1 1) (thickness 0.15)))
    )
    (fp_text value 4.7u (at 0 1.43) (layer F.Fab)
      (effects (font (size 1 1) (thickness 0.15)))
    )
    (fp_line (start -0.8 0.4) (end -0.8 -0.4) (layer F.Fab) (width 0.1))
    (fp_line (start -0.8 -0.4) (end 0.8 -0.4) (layer F.Fab) (width 0.1))
    (fp_line (start 0.8 -0.4) (end 0.8 0.4) (layer F.Fab) (width 0.1))
    (fp_line (start 0.8 0.4) (end -0.8 0.4) (layer F.Fab) (width 0.1))
    (fp_line (start -0.146267 -0.51) (end 0.146267 -0.51) (layer F.SilkS) (width 0.12))
    (fp_line (start -0.146267 0.51) (end 0.146267 0.51) (layer F.SilkS) (width 0.12))
    (fp_line (start -1.65 0.73) (end -1.65 -0.73) (layer F.CrtYd) (width 0.05))
    (fp_line (start -1.65 -0.73) (end 1.65 -0.73) (layer F.CrtYd) (width 0.05))
    (fp_line (start 1.65 -0.73) (end 1.65 0.73) (layer F.CrtYd) (width 0.05))
    (fp_line (start 1.65 0.73) (end -1.65 0.73) (layer F.CrtYd) (width 0.05))
    (fp_text user %R (at 0 0) (layer F.Fab)
      (effects (font (size 0.4 0.4) (thickness 0.06)))
    )
    (pad 1 smd roundrect (at -0.8625 0) (size 1.075 0.95) (layers F.Cu F.Paste F.Mask) (roundrect_rratio 0.25)
      (net 5 +5V))
    (pad 2 smd roundrect (at 0.8625 0) (size 1.075 0.95) (layers F.Cu F.Paste F.Mask) (roundrect_rratio 0.25)
      (net 1 GND))
    (model ${KISYS3DMOD}/Capacitor_SMD.3dshapes/C_0603_1608Metric.wrl
      (at (xyz 0 0 0))
      (scale (xyz 1 1 1))
      (rotate (xyz 0 0 0))
    )
  )

  (module Capacitor_SMD:C_0603_1608Metric_Pad1.08x0.95mm_HandSolder (layer F.Cu) (tedit 5F68FEEF) (tstamp 5F946BE7)
    (at 75.6158 99.0854 180)
    (descr "Capacitor SMD 0603 (1608 Metric), square (rectangular) end terminal, IPC_7351 nominal with elongated pad for handsoldering. (Body size source: IPC-SM-782 page 76, https://www.pcb-3d.com/wordpress/wp-content/uploads/ipc-sm-782a_amendment_1_and_2.pdf), generated with kicad-footprint-generator")
    (tags "capacitor handsolder")
    (path /5F9399A1)
    (attr smd)
    (fp_text reference C6 (at 0 1.5494) (layer F.SilkS)
      (effects (font (size 1 1) (thickness 0.15)))
    )
    (fp_text value 4.7u (at 0 1.43) (layer F.Fab)
      (effects (font (size 1 1) (thickness 0.15)))
    )
    (fp_line (start 1.65 0.73) (end -1.65 0.73) (layer F.CrtYd) (width 0.05))
    (fp_line (start 1.65 -0.73) (end 1.65 0.73) (layer F.CrtYd) (width 0.05))
    (fp_line (start -1.65 -0.73) (end 1.65 -0.73) (layer F.CrtYd) (width 0.05))
    (fp_line (start -1.65 0.73) (end -1.65 -0.73) (layer F.CrtYd) (width 0.05))
    (fp_line (start -0.146267 0.51) (end 0.146267 0.51) (layer F.SilkS) (width 0.12))
    (fp_line (start -0.146267 -0.51) (end 0.146267 -0.51) (layer F.SilkS) (width 0.12))
    (fp_line (start 0.8 0.4) (end -0.8 0.4) (layer F.Fab) (width 0.1))
    (fp_line (start 0.8 -0.4) (end 0.8 0.4) (layer F.Fab) (width 0.1))
    (fp_line (start -0.8 -0.4) (end 0.8 -0.4) (layer F.Fab) (width 0.1))
    (fp_line (start -0.8 0.4) (end -0.8 -0.4) (layer F.Fab) (width 0.1))
    (fp_text user %R (at 0 0) (layer F.Fab)
      (effects (font (size 0.4 0.4) (thickness 0.06)))
    )
    (pad 2 smd roundrect (at 0.8625 0 180) (size 1.075 0.95) (layers F.Cu F.Paste F.Mask) (roundrect_rratio 0.25)
      (net 1 GND))
    (pad 1 smd roundrect (at -0.8625 0 180) (size 1.075 0.95) (layers F.Cu F.Paste F.Mask) (roundrect_rratio 0.25)
      (net 3 +3V3))
    (model ${KISYS3DMOD}/Capacitor_SMD.3dshapes/C_0603_1608Metric.wrl
      (at (xyz 0 0 0))
      (scale (xyz 1 1 1))
      (rotate (xyz 0 0 0))
    )
  )

  (module Capacitor_SMD:C_0603_1608Metric_Pad1.08x0.95mm_HandSolder (layer F.Cu) (tedit 5F68FEEF) (tstamp 5F946BB7)
    (at 75.6158 105.4354)
    (descr "Capacitor SMD 0603 (1608 Metric), square (rectangular) end terminal, IPC_7351 nominal with elongated pad for handsoldering. (Body size source: IPC-SM-782 page 76, https://www.pcb-3d.com/wordpress/wp-content/uploads/ipc-sm-782a_amendment_1_and_2.pdf), generated with kicad-footprint-generator")
    (tags "capacitor handsolder")
    (path /5F94E8CD)
    (attr smd)
    (fp_text reference C7 (at -2.8448 0.1016) (layer F.SilkS)
      (effects (font (size 1 1) (thickness 0.15)))
    )
    (fp_text value 4.7u (at 0 1.43) (layer F.Fab)
      (effects (font (size 1 1) (thickness 0.15)))
    )
    (fp_line (start -0.8 0.4) (end -0.8 -0.4) (layer F.Fab) (width 0.1))
    (fp_line (start -0.8 -0.4) (end 0.8 -0.4) (layer F.Fab) (width 0.1))
    (fp_line (start 0.8 -0.4) (end 0.8 0.4) (layer F.Fab) (width 0.1))
    (fp_line (start 0.8 0.4) (end -0.8 0.4) (layer F.Fab) (width 0.1))
    (fp_line (start -0.146267 -0.51) (end 0.146267 -0.51) (layer F.SilkS) (width 0.12))
    (fp_line (start -0.146267 0.51) (end 0.146267 0.51) (layer F.SilkS) (width 0.12))
    (fp_line (start -1.65 0.73) (end -1.65 -0.73) (layer F.CrtYd) (width 0.05))
    (fp_line (start -1.65 -0.73) (end 1.65 -0.73) (layer F.CrtYd) (width 0.05))
    (fp_line (start 1.65 -0.73) (end 1.65 0.73) (layer F.CrtYd) (width 0.05))
    (fp_line (start 1.65 0.73) (end -1.65 0.73) (layer F.CrtYd) (width 0.05))
    (fp_text user %R (at 0 0) (layer F.Fab)
      (effects (font (size 0.4 0.4) (thickness 0.06)))
    )
    (pad 1 smd roundrect (at -0.8625 0) (size 1.075 0.95) (layers F.Cu F.Paste F.Mask) (roundrect_rratio 0.25)
      (net 5 +5V))
    (pad 2 smd roundrect (at 0.8625 0) (size 1.075 0.95) (layers F.Cu F.Paste F.Mask) (roundrect_rratio 0.25)
      (net 1 GND))
    (model ${KISYS3DMOD}/Capacitor_SMD.3dshapes/C_0603_1608Metric.wrl
      (at (xyz 0 0 0))
      (scale (xyz 1 1 1))
      (rotate (xyz 0 0 0))
    )
  )

  (module Capacitor_SMD:C_0603_1608Metric_Pad1.08x0.95mm_HandSolder (layer B.Cu) (tedit 5F68FEEF) (tstamp 5F92B0D1)
    (at 76.454 73.66 90)
    (descr "Capacitor SMD 0603 (1608 Metric), square (rectangular) end terminal, IPC_7351 nominal with elongated pad for handsoldering. (Body size source: IPC-SM-782 page 76, https://www.pcb-3d.com/wordpress/wp-content/uploads/ipc-sm-782a_amendment_1_and_2.pdf), generated with kicad-footprint-generator")
    (tags "capacitor handsolder")
    (path /5F962381)
    (attr smd)
    (fp_text reference C8 (at 0 1.43 270) (layer B.SilkS)
      (effects (font (size 1 1) (thickness 0.15)) (justify mirror))
    )
    (fp_text value 4.7u (at 0 -1.43 270) (layer B.Fab)
      (effects (font (size 1 1) (thickness 0.15)) (justify mirror))
    )
    (fp_line (start -0.8 -0.4) (end -0.8 0.4) (layer B.Fab) (width 0.1))
    (fp_line (start -0.8 0.4) (end 0.8 0.4) (layer B.Fab) (width 0.1))
    (fp_line (start 0.8 0.4) (end 0.8 -0.4) (layer B.Fab) (width 0.1))
    (fp_line (start 0.8 -0.4) (end -0.8 -0.4) (layer B.Fab) (width 0.1))
    (fp_line (start -0.146267 0.51) (end 0.146267 0.51) (layer B.SilkS) (width 0.12))
    (fp_line (start -0.146267 -0.51) (end 0.146267 -0.51) (layer B.SilkS) (width 0.12))
    (fp_line (start -1.65 -0.73) (end -1.65 0.73) (layer B.CrtYd) (width 0.05))
    (fp_line (start -1.65 0.73) (end 1.65 0.73) (layer B.CrtYd) (width 0.05))
    (fp_line (start 1.65 0.73) (end 1.65 -0.73) (layer B.CrtYd) (width 0.05))
    (fp_line (start 1.65 -0.73) (end -1.65 -0.73) (layer B.CrtYd) (width 0.05))
    (fp_text user %R (at 0 0 270) (layer B.Fab)
      (effects (font (size 0.4 0.4) (thickness 0.06)) (justify mirror))
    )
    (pad 1 smd roundrect (at -0.8625 0 90) (size 1.075 0.95) (layers B.Cu B.Paste B.Mask) (roundrect_rratio 0.25)
      (net 3 +3V3))
    (pad 2 smd roundrect (at 0.8625 0 90) (size 1.075 0.95) (layers B.Cu B.Paste B.Mask) (roundrect_rratio 0.25)
      (net 1 GND))
    (model ${KISYS3DMOD}/Capacitor_SMD.3dshapes/C_0603_1608Metric.wrl
      (at (xyz 0 0 0))
      (scale (xyz 1 1 1))
      (rotate (xyz 0 0 0))
    )
  )

  (module Capacitor_SMD:C_0603_1608Metric_Pad1.08x0.95mm_HandSolder (layer F.Cu) (tedit 5F68FEEF) (tstamp 5F946A10)
    (at 80.6958 99.0854 180)
    (descr "Capacitor SMD 0603 (1608 Metric), square (rectangular) end terminal, IPC_7351 nominal with elongated pad for handsoldering. (Body size source: IPC-SM-782 page 76, https://www.pcb-3d.com/wordpress/wp-content/uploads/ipc-sm-782a_amendment_1_and_2.pdf), generated with kicad-footprint-generator")
    (tags "capacitor handsolder")
    (path /5F94E8C3)
    (attr smd)
    (fp_text reference C9 (at 0.0508 1.5494) (layer F.SilkS)
      (effects (font (size 1 1) (thickness 0.15)))
    )
    (fp_text value 4.7u (at 0 1.43) (layer F.Fab)
      (effects (font (size 1 1) (thickness 0.15)))
    )
    (fp_line (start 1.65 0.73) (end -1.65 0.73) (layer F.CrtYd) (width 0.05))
    (fp_line (start 1.65 -0.73) (end 1.65 0.73) (layer F.CrtYd) (width 0.05))
    (fp_line (start -1.65 -0.73) (end 1.65 -0.73) (layer F.CrtYd) (width 0.05))
    (fp_line (start -1.65 0.73) (end -1.65 -0.73) (layer F.CrtYd) (width 0.05))
    (fp_line (start -0.146267 0.51) (end 0.146267 0.51) (layer F.SilkS) (width 0.12))
    (fp_line (start -0.146267 -0.51) (end 0.146267 -0.51) (layer F.SilkS) (width 0.12))
    (fp_line (start 0.8 0.4) (end -0.8 0.4) (layer F.Fab) (width 0.1))
    (fp_line (start 0.8 -0.4) (end 0.8 0.4) (layer F.Fab) (width 0.1))
    (fp_line (start -0.8 -0.4) (end 0.8 -0.4) (layer F.Fab) (width 0.1))
    (fp_line (start -0.8 0.4) (end -0.8 -0.4) (layer F.Fab) (width 0.1))
    (fp_text user %R (at 0 0) (layer F.Fab)
      (effects (font (size 0.4 0.4) (thickness 0.06)))
    )
    (pad 2 smd roundrect (at 0.8625 0 180) (size 1.075 0.95) (layers F.Cu F.Paste F.Mask) (roundrect_rratio 0.25)
      (net 1 GND))
    (pad 1 smd roundrect (at -0.8625 0 180) (size 1.075 0.95) (layers F.Cu F.Paste F.Mask) (roundrect_rratio 0.25)
      (net 6 +1V2))
    (model ${KISYS3DMOD}/Capacitor_SMD.3dshapes/C_0603_1608Metric.wrl
      (at (xyz 0 0 0))
      (scale (xyz 1 1 1))
      (rotate (xyz 0 0 0))
    )
  )

  (module Diode_SMD:D_SOD-523 (layer B.Cu) (tedit 586419F0) (tstamp 5F8F9CC5)
    (at 75.946 92.0115)
    (descr "http://www.diodes.com/datasheets/ap02001.pdf p.144")
    (tags "Diode SOD523")
    (path /5F925BAE)
    (attr smd)
    (fp_text reference D1 (at -2.413 0.0635) (layer B.SilkS)
      (effects (font (size 1 1) (thickness 0.15)) (justify mirror))
    )
    (fp_text value 1N4148WT-7 (at 0 -1.4) (layer B.Fab)
      (effects (font (size 1 1) (thickness 0.15)) (justify mirror))
    )
    (fp_line (start -1.15 0.6) (end -1.15 -0.6) (layer B.SilkS) (width 0.12))
    (fp_line (start 1.25 0.7) (end 1.25 -0.7) (layer B.CrtYd) (width 0.05))
    (fp_line (start -1.25 0.7) (end 1.25 0.7) (layer B.CrtYd) (width 0.05))
    (fp_line (start -1.25 -0.7) (end -1.25 0.7) (layer B.CrtYd) (width 0.05))
    (fp_line (start 1.25 -0.7) (end -1.25 -0.7) (layer B.CrtYd) (width 0.05))
    (fp_line (start 0.1 0) (end 0.25 0) (layer B.Fab) (width 0.1))
    (fp_line (start 0.1 0.2) (end -0.2 0) (layer B.Fab) (width 0.1))
    (fp_line (start 0.1 -0.2) (end 0.1 0.2) (layer B.Fab) (width 0.1))
    (fp_line (start -0.2 0) (end 0.1 -0.2) (layer B.Fab) (width 0.1))
    (fp_line (start -0.2 0) (end -0.35 0) (layer B.Fab) (width 0.1))
    (fp_line (start -0.2 -0.2) (end -0.2 0.2) (layer B.Fab) (width 0.1))
    (fp_line (start 0.65 0.45) (end 0.65 -0.45) (layer B.Fab) (width 0.1))
    (fp_line (start -0.65 0.45) (end 0.65 0.45) (layer B.Fab) (width 0.1))
    (fp_line (start -0.65 -0.45) (end -0.65 0.45) (layer B.Fab) (width 0.1))
    (fp_line (start 0.65 -0.45) (end -0.65 -0.45) (layer B.Fab) (width 0.1))
    (fp_line (start 0.7 0.6) (end -1.15 0.6) (layer B.SilkS) (width 0.12))
    (fp_line (start 0.7 -0.6) (end -1.15 -0.6) (layer B.SilkS) (width 0.12))
    (fp_text user %R (at 0 1.3) (layer B.Fab)
      (effects (font (size 1 1) (thickness 0.15)) (justify mirror))
    )
    (pad 2 smd rect (at 0.7 0 180) (size 0.6 0.7) (layers B.Cu B.Paste B.Mask)
      (net 3 +3V3))
    (pad 1 smd rect (at -0.7 0 180) (size 0.6 0.7) (layers B.Cu B.Paste B.Mask)
      (net 4 +2V5))
    (model ${KISYS3DMOD}/Diode_SMD.3dshapes/D_SOD-523.wrl
      (at (xyz 0 0 0))
      (scale (xyz 1 1 1))
      (rotate (xyz 0 0 0))
    )
  )

  (module LED_SMD:LED_0603_1608Metric_Pad1.05x0.95mm_HandSolder (layer F.Cu) (tedit 5F68FEF1) (tstamp 5F8F9CD8)
    (at 73.152 57.658)
    (descr "LED SMD 0603 (1608 Metric), square (rectangular) end terminal, IPC_7351 nominal, (Body size source: http://www.tortai-tech.com/upload/download/2011102023233369053.pdf), generated with kicad-footprint-generator")
    (tags "LED handsolder")
    (path /5F97A89A)
    (attr smd)
    (fp_text reference D2 (at 0.127 1.651) (layer F.SilkS)
      (effects (font (size 1 1) (thickness 0.15)))
    )
    (fp_text value LED (at 0 1.43) (layer F.Fab)
      (effects (font (size 1 1) (thickness 0.15)))
    )
    (fp_line (start 0.8 -0.4) (end -0.5 -0.4) (layer F.Fab) (width 0.1))
    (fp_line (start -0.5 -0.4) (end -0.8 -0.1) (layer F.Fab) (width 0.1))
    (fp_line (start -0.8 -0.1) (end -0.8 0.4) (layer F.Fab) (width 0.1))
    (fp_line (start -0.8 0.4) (end 0.8 0.4) (layer F.Fab) (width 0.1))
    (fp_line (start 0.8 0.4) (end 0.8 -0.4) (layer F.Fab) (width 0.1))
    (fp_line (start 0.8 -0.735) (end -1.66 -0.735) (layer F.SilkS) (width 0.12))
    (fp_line (start -1.66 -0.735) (end -1.66 0.735) (layer F.SilkS) (width 0.12))
    (fp_line (start -1.66 0.735) (end 0.8 0.735) (layer F.SilkS) (width 0.12))
    (fp_line (start -1.65 0.73) (end -1.65 -0.73) (layer F.CrtYd) (width 0.05))
    (fp_line (start -1.65 -0.73) (end 1.65 -0.73) (layer F.CrtYd) (width 0.05))
    (fp_line (start 1.65 -0.73) (end 1.65 0.73) (layer F.CrtYd) (width 0.05))
    (fp_line (start 1.65 0.73) (end -1.65 0.73) (layer F.CrtYd) (width 0.05))
    (fp_text user %R (at 0 0) (layer F.Fab)
      (effects (font (size 0.4 0.4) (thickness 0.06)))
    )
    (pad 1 smd roundrect (at -0.875 0) (size 1.05 0.95) (layers F.Cu F.Paste F.Mask) (roundrect_rratio 0.25)
      (net 1 GND))
    (pad 2 smd roundrect (at 0.875 0) (size 1.05 0.95) (layers F.Cu F.Paste F.Mask) (roundrect_rratio 0.25)
      (net 7 /CDONE))
